MainCamera 10,1 -1,68 -30 1 1 1 0 0 0
Background(24) 7,85 -4,85 1 0,25 0,25 0,25 0 0 0
Enemy2 17,52769 -1,615169 0 -1,5 1,5 1 0 0 0
Fire(5) 8,9 -6,83 -1 0,2 0,2 1 0 0 0
Fire(6) 9,54 -6,83 -1 0,2 0,2 1 0 0 0
Fire(4) 8,288509 -6,856739 -1 0,2 0,2 1 0 0 0
Player 0 0 0 0,14 0,14 0 0 0 0
Fire(3) 7,658478 -6,876427 -1 0,2 0,2 1 0 0 0
Fire(2) 7,048136 -6,876427 -1 0,2 0,2 1 0 0 0
Fire(1) 6,398417 -6,876427 -1 0,2 0,2 1 0 0 0
Fire 5,8 -6,88 0 0,2 0,2 1 0 0 0
Wall22(1) -1,75 1,55 0 0,25 0,25 0,25 0 0 0
Wall21(2) -1,75 -1,65 0 0,25 0,25 0,25 0 0 0
Wall17(11) -1,75 -0,04999995 0 0,25 0,25 0,25 0 0 0
Wall18(21) -0,1499996 1,55 0 0,25 0,25 0,25 0 0 0
Wall18(20) 1,45 1,55 0 0,25 0,25 0,25 0 0 0
Wall18(19) 3,05 1,55 0 0,25 0,25 0,25 0 0 0
Wall18(18) 4,65 1,55 0 0,25 0,25 0,25 0 0 0
Wall18(17) 6,25 1,55 0 0,25 0,25 0,25 0 0 0
Wall18(16) -0,1499996 -1,65 0 0,25 0,25 0,25 0 0 0
Wall18(15) 1,45 -1,65 0 0,25 0,25 0,25 0 0 0
Wall18(14) 3,05 -1,65 0 0,25 0,25 0,25 0 0 0
Wall19(2) 4,65 -1,65 0 0,25 0,25 0,25 0 0 0
Wall17(10) 4,65 -3,25 0 0,25 0,25 0,25 0 0 0
Wall17(9) 4,65 -4,85 0 0,25 0,25 0,25 0 0 0
Wall17(8) 4,65 -6,45 0 0,25 0,25 0,25 0 0 0
Wall21(1) 4,65 -8,049999 0 0,25 0,25 0,25 0 0 0
Wall18(13) 6,25 -8,049999 0 0,25 0,25 0,25 0 0 0
Wall18(12) 7,85 -8,049999 0 0,25 0,25 0,25 0 0 0
Wall18(11) 9,45 -8,049999 0 0,25 0,25 0,25 0 0 0
Wall20(1) 11,05 -8,049999 0 0,25 0,25 0,25 0 0 0
Wall17(7) 11,05 -6,45 0 0,25 0,25 0,25 0 0 0
Wall17(6) 11,05 -4,85 0 0,25 0,25 0,25 0 0 0
Wall17(5) 11,05 -3,25 0 0,25 0,25 0,25 0 0 0
Wall22 11,05 -1,65 0 0,25 0,25 0,25 0 0 0
Wall18(10) 12,65 -1,65 0 0,25 0,25 0,25 0 0 0
Wall19(1) 14,25 -1,65 0 0,25 0,25 0,25 0 0 0
Wall21 14,25 -3,25 0 0,25 0,25 0,25 0 0 0
Wall18(9) 15,85 -3,25 0 0,25 0,25 0,25 0 0 0
Wall18(8) 17,45 -3,25 0 0,25 0,25 0,25 0 0 0
Wall18(7) 19,05 -3,25 0 0,25 0,25 0,25 0 0 0
Wall20 20,65 -3,25 0 0,25 0,25 0,25 0 0 0
Wall17(4) 20,65 -1,65 0 0,25 0,25 0,25 0 0 0
Wall17(3) 20,65 -0,04999995 0 0,25 0,25 0,25 0 0 0
Wall19 20,65 1,55 0 0,25 0,25 0,25 0 0 0
Wall18(6) 19,05 1,55 0 0,25 0,25 0,25 0 0 0
Wall18(5) 17,45 1,55 0 0,25 0,25 0,25 0 0 0
Wall18(4) 15,85 1,55 0 0,25 0,25 0,25 0 0 0
Wall18(3) 14,25 1,55 0 0,25 0,25 0,25 0 0 0
Wall18(2) 12,65 1,55 0 0,25 0,25 0,25 0 0 0
Wall18(1) 11,05 1,55 0 0,25 0,25 0,25 0 0 0
Wall18 9,45 1,55 0 0,25 0,25 0,25 0 0 0
Wall17(2) 7,85 -0,04999995 0 0,25 0,25 0,25 0 0 0
Wall17(1) 7,85 -1,65 0 0,25 0,25 0,25 0 0 0
Wall52 7,85 1,55 0 0,25 0,25 0,25 0 0 0
Wall14 7,85 -3,25 0 0,25 0,25 0,25 0 0 0
Background(23) 19,05 -0,04999995 1 0,25 0,25 0,25 0 0 0
Background(22) 19,05 -1,65 1 0,25 0,25 0,25 0 0 0
Background(21) 17,45 -1,65 1 0,25 0,25 0,25 0 0 0
Background(20) 15,85 -1,65 1 0,25 0,25 0,25 0 0 0
Background(19) 17,45 -0,04999995 1 0,25 0,25 0,25 0 0 0
Background(18) 15,85 -0,04999995 1 0,25 0,25 0,25 0 0 0
Background(17) 14,25 -0,04999995 1 0,25 0,25 0,25 0 0 0
Background(16) 12,65 -0,04999995 1 0,25 0,25 0,25 0 0 0
Background(15) 11,05 -0,04999995 1 0,25 0,25 0,25 0 0 0
Background(14) 9,45 -0,04999995 1 0,25 0,25 0,25 0 0 0
Background(13) 9,45 -1,65 1 0,25 0,25 0,25 0 0 0
Background(12) 9,45 -3,25 1 0,25 0,25 0,25 0 0 0
Background(11) 9,45 -4,85 1 0,25 0,25 0,25 0 0 0
Background(10) 9,45 -6,45 1 0,25 0,25 0,25 0 0 0
Background(9) 7,85 -6,45 1 0,25 0,25 0,25 0 0 0
Background(8) 6,25 -6,45 1 0,25 0,25 0,25 0 0 0
Background(7) 6,25 -4,85 1 0,25 0,25 0,25 0 0 0
Background(6) 6,25 -3,25 1 0,25 0,25 0,25 0 0 0
Background(5) 6,25 -1,65 1 0,25 0,25 0,25 0 0 0
Background(4) 6,25 -0,05000019 1 0,25 0,25 0,25 0 0 0
Background(3) 4,65 -0,05000019 1 0,25 0,25 0,25 0 0 0
Background(2) 3,05 -0,05000019 1 0,25 0,25 0,25 0 0 0
Background(1) 1,45 -0,04999995 1 0,25 0,25 0,25 0 0 0
Background -0,1499996 -0,05000019 1 0,25 0,25 0,25 0 0 0
MainCamera 0 0 -30 1 1 1 0 0 0
Player 0 0 0 0,14 0,14 0 0 0 0